1000000000100000
0000110010001100
0001100011111001
0010010100101000
0011000011111100
0011110001010111
0100011100011101
0101000100110100
0101101010000010
0110001011110010
0110101001101110
0111000011100011
0111011001000010
0111101001111101
0111110110001010
0111111101100010
1000000000000000
0111111101100010
0111110110001010
0111101001111101
0111011001000010
0111000011100011
0110101001101110
0110001011110010
0101101010000010
0101000100110100
0100011100011101
0011110001010111
0011000011111100
0010010100101000
0001100011111001
0000110010001100
0000000000000001
1111001101110100
1110011100000111
1101101011011000
1100111100000100
1100001110101001
1011100011100011
1010111011001100
1010010101111110
1001110100001110
1001010110010010
1000111100011101
1000100110111110
1000010110000011
1000001001110110
1000000010011110
1000000000000000
1000000010011110
1000001001110110
1000010110000011
1000100110111110
1000111100011101
1001010110010010
1001110100001110
1010010101111110
1010111011001100
1011100011100011
1100001110101001
1100111100000100
1101101011011000
1110011100000111
1111001101110100
