00000000000000000000000000000000
00111101110010001011110100110110  
00111110010001111100010111000010  
00111110100101001010000000110001
00111110110000111110111100010101
00111110111100010101101011101010
00111111000011100011100111011010
00111111001000100110011110011001
00111111001101010000010011110011
00111111010001011110010000000011
00111111010101001101101100110001
00111111011000011100010110011000
00111111011011001000001101011110
00111111011101001111101000001011
00111111011110110001010010111110
00111111011111101100010001101101
00111111100000000000000000000000
00111111011111101100010001101101
00111111011110110001010010111110
00111111011101001111101000001011
00111111011011001000001101011110
00111111011000011100010110011000
00111111010101001101101100110001
00111111010001011110010000000011
00111111001101010000010011110011
00111111001000100110011110011001
00111111000011100011100111011010
00111110111100010101101011101010
00111110110000111110111100010101
00111110100101001010000000110001
00111110010001111100010111000010
00111101110010001011110100110110
10100101101110010110011101100111
10111101110010001011110100110110
10111110010001111100010111000010
10111110100101001010000000110001
10111110110000111110111100010101
10111110111100010101101011101010
10111111000011100011100111011010
10111111001000100110011110011001
10111111001101010000010011110011
10111111010001011110010000000011
10111111010101001101101100110001
10111111011000011100010110011000
10111111011011001000001101011110
10111111011101001111101000001011
10111111011110110001010010111110
10111111011111101100010001101101
10111111100000000000000000000000
10111111011111101100010001101101
10111111011110110001010010111110
10111111011101001111101000001011
10111111011011001000001101011110
10111111011000011100010110011000
10111111010101001101101100110001
10111111010001011110010000000011
10111111001101010000010011110011
10111111001000100110011110011001
10111111000011100011100111011010
10111110111100010101101011101010
10111110110000111110111100010101
10111110100101001010000000110001
10111110010001111100010111000010
10111101110010001011110100110110
