1110110100000000
0011110100000000
0010100101000000
1011101101000000
1111101100000000
1110011101000000
0000000011000000
1100100011000000
0101110001000000
1110101101000000
1100100110000000
0010101000000000
1011011111000000
0010001111000000
1011011000000000
1101011111000000
1011001010000000
1100110110000000
1110111010000000
0010100011000000
1100001101000000
1111000011000000
1100100000000000
0011000110000000
1110011111000000
0000100110000000
0000001110000000
0001111111000000
1110111111000000
1111101110000000
1100010011000000
0010000110000000
1111101000000000
0010000110000000
1100010011000000
1111101110000000
1110111111000000
0001111111000000
0000001110000000
0000100110000000
1110011111000000
0011000110000000
1100100000000000
1111000011000000
1100001101000000
0010100011000000
1110111010000000
1100110110000000
1011001010000000
1101011111000000
1011011000000000
0010001111000000
1011011111000000
0010101000000000
1100100110000000
1110101101000000
0101110001000000
1100100011000000
0000000011000000
1110011101000000
1111101100000000
1011101101000000
0010100101000000
0011110100000000
