0000000000000000
1101110001000000
0001101101000000
1101100100000000
1111101100000000
0010100001000000
1100101101000000
0111110001000000
0111101110000000
0011101101000000
0010011000000000
0000000011000000
1110000011000000
1111000110000000
1101000010000000
1011111110000000
0001111110000000
1100111111000000
1100101100000000
0001111010000000
1010101001000000
1110000101000000
1100011100000000
1111000111000000
0100001010000000
0010111001000000
0001101110000000
1100001000000000
1111101010000000
0000001111000000
1111000101000000
1111010010000000
0000000000000000
0000101110000000
0000111011000000
1111110001000000
0000010110000000
0011111000000000
1110010010000000
1101000111000000
1011110110000000
0000111001000000
0011100100000000
0001111011000000
0101010111000000
1110000110000000
0011010100000000
0011000001000000
1110000010000000
0100000010000000
0010111110000000
0000111010000000
0001111101000000
1111111101000000
1101101000000000
1100010011000000
1000010010000000
1000001111000000
0011010011000000
1101011111000000
0000010100000000
0010011100000000
1110010011000000
0010001111000000
