1111101000000000
1111111000000000
0000001000000000
1111111000000000
1111101000000000
1111111000000000
0000001000000000
1111111000000000
1111101000000000
1111111000000000
0000001000000000
1111111000000000
1111101000000000
1111111000000000
0000001000000000
1111111000000000
1111101000000000
1111111000000001
0000001000000000
1111111000000000
1111101000000000
1111111000000000
0000001000000000
1111111000000000
1111101000000000
1111111000000000
0000001000000000
1111111000000000
1111101000000000
1111111000000000
0000001000000000
1111111000000000
1111101000000000
1111111000000000
0000001000000000
1111111000000000
1111101000000000
1111111000000000
0000001000000000
1111111000000000
1111101000000000
1111111000000000
0000001000000000
1111111000000000
1111101000000000
1111111000000000
0000001000000000
1111111000000001
1111101000000000
1111111000000000
0000001000000000
1111111000000000
1111101000000000
1111111000000000
0000001000000000
1111111000000000
1111101000000000
1111111000000000
0000001000000000
1111111000000000
1111101000000000
1111111000000000
0000001000000000
1111111000000000
