0000000000000000
1100010000000000
0000000000000000
1111110000000000
0000000000000000
0000010000000000
0000000000000000
1111110000000000
0000000000000000
0000010000000000
0000000000000000
1111110000000000
0000000000000000
0000010000000000
0000000000000000
1111110000000000
0000000000000000
0000010000000000
0000000000000000
1111110000000000
0000000000000000
0000010000000000
0000000000000000
1111110000000000
0000000000000000
0000010000000000
0000000000000000
1111110000000000
0000000000000000
0000010000000000
0000000000000000
1111110000000000
0000000000000000
0000010000000000
0000000000000000
1111110000000000
0000000000000000
0000010000000000
0000000000000000
1111110000000000
0000000000000000
0000010000000000
0000000000000000
1111110000000000
0000000000000000
0000010000000000
0000000000000000
1111110000000000
0000000000000000
0000010000000000
0000000000000000
1111110000000000
0000000000000000
0000010000000000
0000000000000000
1111110000000000
0000000000000000
0000010000000000
0000000000000000
1111110000000000
0000000000000000
0000010000000000
0000000000000000
0011110000000000
