0010111101111100
0000011000000011
1010110011100001
0101011010111010
1011100110000010
1111101111101000
1100011001100011
0110000011000111
0100101000100100
1100010110001001
1000101001111001
1101000111101010
1111110111111100
1000010101011010
1101011100001110
0011101111010001
1001110100110100
0110001000000110
1110110100100001
1101011100001111
1111010000100010
1110110110110001
0000100001110000
0110110010100001
1010100010110000
1101101001010010
1000001010010000
1011101101001100
0101000001110111
1001110001010000
0011011100001110
1101111100010110
1111101000011111
0000101101100010
1100010011110110
1010110110111010
1100000001011110
0100111000101101
1010000000000001
1010111101011001
0001111111010101
1001011100111001
1001111100000110
0111011101111001
1110100011011101
1011001110011001
0101100001101001
0111011111011110
1100011001011011
1110011101110101
1000111110101110
1110000110110001
0001011100101000
0101010010111000
0101011010001000
0100011010101110
0001011100110011
0001110000101100
0000000000010000
1010101001011111
1110101111110100
0101001100010110
1101001101110010
0001010010100011
