1111111000000000
1111111111001110
1111111110011100
1111111101101011
1111111100111100
1111111100001111
1111111011100100
1111111010111011
1111111010010110
1111111001110100
1111111001010110
1111111000111100
1111111000100111
1111111000010110
1111111000001010
1111111000000010
1111111000000000
1111111000000010
1111111000001010
1111111000010110
1111111000100111
1111111000111100
1111111001010110
1111111001110100
1111111010010110
1111111010111011
1111111011100100
1111111100001111
1111111100111100
1111111101101011
1111111110011100
1111111111001110
0000000000000000
0000000000110010
0000000001100100
0000000010010101
0000000011000100
0000000011110001
0000000100011100
0000000101000101
0000000101101010
0000000110001100
0000000110101010
0000000111000100
0000000111011001
0000000111101010
0000000111110110
0000000111111110
1111111000000000
0000000111111110
0000000111110110
0000000111101010
0000000111011001
0000000111000100
0000000110101010
0000000110001100
0000000101101010
0000000101000101
0000000100011100
0000000011110001
0000000011000100
0000000010010101
0000000001100100
0000000000110010
