0011101110110101
1010011010011100
0001110001110110
1111100011011100
1001000101000001
1100100101001110
0110100000011011
1001000001111100
0000001111010101
1011110011100100
0101101001011110
0000100001101010
0000001011000110
0011101111010000
0100101010100001
0101000001000011
0000011011011010
1111110000110000
0100100100100000
0101110110001111
0010100100011101
1111011110010100
1000000010111110
0110010011110010
1010011010010010
0100100011001001
0011101010101010
0111100010110010
1101100100110010
0000010010101100
1101010110111100
1110111001111001
1000110110001100
1101111011010000
1001101111101110
0000100011110000
1010100101100100
0111110011001100
1111111110000111
1011101100011101
1110010010110100
1100111110010110
1011010011011000
0010101011000000
1010000111110010
0100110000100111
0101111110110100
1110111100100111
1111111000100010
0110111110111001
1011111100110001
0111101101111110
1000011000001101
0110111111101010
0010010110000011
0000001110000001
1110000110111100
1100011010101010
0100101101010100
1001010001001111
0111010001000101
0010101010100110
1101101100100010
1111110101001111
