0000001001010111
0000111000001111
1111111110000101
0000001010110011
0000000011001101
0000001100000101
1111111010110101
1111000100010011
1111111011011110
0000000010110011
0000000101000100
0000010110001110
0000001100110011
1111101011111001
0000001100001100
1111010000000111
0000101011010111
0000100011001101
0000000010100001
0000011010000101
1111100100001001
1111010010111100
1111011010111011
1111110101011001
0000011010101011
1111100101010011
1111001000000011
1111010010001010
1111101100010110
1111111000110101
1111111101111101
1111101001101111
0000001101001101
0000001101011001
1111110111011100
0000000101101001
0000101010001011
0000000101111111
1111111011011111
1111001010110010
1111111100111010
1111111110001001
1111111011111101
1111111110000110
1111111011000100
0000001000110100
1111110000010100
0000000111110101
1111110101100011
0000001100000101
1111011011010010
0000000100010111
0000001011111001
1111000111001001
0000011111000001
1111111001111111
1111101011110110
1111110101011000
0000000010011001
1111111011011011
0000000010111011
0000000011011010
0000011000010100
0000011010000001
