1111111011111111
0000000101001001
0000000000100111
0000000000111100
0000000110100101
1111111101111011
0000000000011101
0000000100001101
1111111110001111
1111111101111010
1111111100100100
0000000010110011
1111111111111100
1111111111101011
0000000010010011
1111111110011101
0000000000010001
1111111101011001
1111111101110100
0000000001111101
1111111111101010
0000000010101111
1111111011101100
1111111110101100
1111111111000001
1111111011111111
1111111100110000
0000000010010101
1111111010001110
1111111100001000
0000000000111010
1111111100001010
0000000111010011
1111111100001010
0000000000111010
1111111100001000
1111111010001110
0000000010010101
1111111100110000
1111111011111111
1111111111000001
1111111110101100
1111111011101100
0000000010101111
1111111111101010
0000000001111101
1111111101110100
1111111101011001
0000000000010001
1111111110011101
0000000010010011
1111111111101011
1111111111111100
0000000010110011
1111111100100100
1111111101111010
1111111110001111
0000000100001101
0000000000011101
1111111101111011
0000000110100101
0000000000111100
0000000000100111
0000000101001001
