0000000000000000
1111111111110000
1111111001111111
0000000011101011
1111111110111000
1111111110111101
1111111110110101
0000000010111001
1111111010100000
1111111110100101
0000000100111111
1111111110010101
1111111111111000
0000000010100010
1111111110001001
0000000000111110
1111111100000100
1111111111010010
1111111111010101
0000000001111101
1111111101100001
0000000011001001
0000000111101110
0000000001111100
1111111000111101
1111111111111001
0000000000101100
0000000000111101
0000000001100110
1111111110101110
0000000000011101
1111111111000011
0000000000000000
0000000000111100
1111111111100010
0000000001010001
1111111110011001
1111111111000010
1111111111010011
0000000000000110
0000000111000010
1111111110000011
1111111000010001
1111111100110110
0000000010011110
1111111110000010
0000000000101010
0000000000101101
0000000011111011
1111111111000001
0000000001110110
1111111101011101
0000000000000111
0000000001101010
1111111011000000
0000000001011010
0000000101011111
1111111101000110
0000000001001010
0000000001000010
0000000001000111
1111111100010100
0000000110000000
0000000000001111
