00000000000000000000000000000000
00111111111111110110001000110100
00111111010010110101000110111010
00111111000000011010010010011001
00111110101111011101100011110110
00111110100101001011101011111011
00111110011100100110111101000110
00111110010010101001111010100000
00111110001011000010101110101110
00111110000100111110001101101110
00111101111111111011101111011000
00111101110111011100101011000100
00111101110000000101010010000000
00111101101001100011011110001100
00111101100011101001111101010100
00111101011100011101011100011000
00111101010010010011100101110000
00111101001000101001000000101000
00111100111110100100000010110000
00111100101100000110111100000000
00111100010011000111111111100000
00111011010100001111110100000000
10111011110101110110100001000000
10111100100011000010101001000000
10111100111011000101000110010000
10111101001011011101000011010000
10111101011100010110101010101000
10111101101001000110101100011100
10111101111000100001000010111100
10111110001000101010001111001000
10111110100001000000011101001101
10111111001010010010100010111110
00000000000000000000000000000000
00111111001010010010100010111110
00111110100001000000011101001101
00111110001000101010001111001100
00111101111000100001000011000000
00111101101001000110101100011100
00111101011100010110101010101000
00111101001011011101000011100000
00111100111011000101000110010000
00111100100011000010101000110000
00111011110101110110100100000000
10111011010100001111101110000000
10111100010011000111111111000000
10111100101100000110111100010000
10111100111110100100000001110000
10111101001000101001000000011000
10111101010010010011100101110000
10111101011100011101011100001000
10111101100011101001111101010100
10111101101001100011011110000000
10111101110000000101010010000100
10111101110111011100101011000000
10111101111111111011101111001100
10111110000100111110001101101000
10111110001011000010101110101110
10111110010010101001111010100000
10111110011100100110111101001010
10111110100101001011101011111011
10111110101111011101100011110111
10111111000000011010010010011101
10111111010010110101000110111110
10111111111111110110001000110110
