11000010001000101101011111111111
01000001010101110011010100000011
01000000001001111001000001000000
00111111100010010000110110110100
00111111000011100001000000111110
00111110101001000001100101000011
00111110010001101111010111111110
00111101111100101110010000011100
00111101100011101010000101111100
00111101000101000010110110000000
00111100010010010111111111100000
10111011101011100101011000000000
10111100100110010000011100100000
10111100111011011110010010000000
10111101000110000111011110000000
10111101001100110101110011110000
10111101010010010011100101110000
10111101010110110011000010111000
10111101011010100001100000101000
10111101011101101000110011001000
10111101100000001000001011001000
10111101100001001110111111101000
10111101100010001011000101000100
10111101100010111110010000011100
10111101100011101010000101111100
10111101100100001111111100111100
10111101100100110001010101100000
10111101100101010000010100011000
10111101100101110000110101010100
10111101100110011101100001111100
10111101101000000011001110001000
10111101110010001011110100000000
00000000000000000000000000000000
10111101110010001011110101000100
10111101101000000011001110010100
10111101100110011101100001110100
10111101100101110000110101010100
10111101100101010000010100111100
10111101100100110001010101011100
10111101100100001111111100010100
10111101100011101010000101111100
10111101100010111110010001011000
10111101100010001011000101000100
10111101100001001110111111110000
10111101100000001000001011001000
10111101011101101000110011010000
10111101011010100001100000100000
10111101010110110011000011000000
10111101010010010011100101110000
10111101001100110101110001101000
10111101000110000111011101101000
10111100111011011110010110010000
10111100100110010000011100000000
10111011101011100101010010000000
00111100010010010111111110100000
00111101000101000010110100001000
00111101100011101010000101111100
00111101111100101110010001000100
00111110010001101111011000000100
00111110101001000001100101000010
00111111000011100001000000111110
00111111100010010000110110110010
01000000001001111001000001000000
01000001010101110011010100000100
