10111101111111100111001001101000
10111110010100100110111001100010
10111110011011011101001000001010
10111110011000100110000010011110
10111110001110001000011000001101
10111101111011001010101110101110
10111101000001000111101010001100
00111101100001000010011111001100
00111110001011100101001010111001
00111110100011110110010110111000
00111110110001110110110011100000
00111110111111010001000010010000
00111111000101110010101000110110
00111111001011001011110111110100
00111111001111101000101101011010
00111111010011000000010101110111
00111111010101001100111000110110
00111111010110001011100001011000
00111111010101111100011110111110
00111111010100100010111111010010
00111111010010000101000000100111
00111111001110101010111110010000
00111111001010011111010110010101
00111111000101101110001011001110
00111111000000100100100000110000
00111110110110011111101101101001
00111110101011111011000101101010
00111110100001110100010001011110
00111110010001000011010100001010
00111110000000101011100000010011
00111101100101111000001111000100
00111101000000001110101010111100
00000000000000000000000000000000
10111101001010010100100111000000
10111101101111110111101000011000
10111110000111111011101101000100
10111110011010001110001001101001
10111110100111001000101101011010
10111110110001101101100110001110
10111110111100011101011110101101
10111111000011011111000110011101
10111111001000011010011101111000
10111111001100110011101100110001
10111111010000011110100010000000
10111111010011010000000111100111
10111111010100111111100010111000
10111111010101100110001111100111
10111111010101000000010101111000
10111111010011001100111000110110
10111111010000001101111111001100
10111111001100001000110011111100
10111111000111000101100000100000
10111111000001001110111111110000
10111110110101100101010110011011
10111110101000000000000111110000
10111110010100100001011110000001
10111101110011110000101010010010
10111011101001001010001011000000
00111101101000000001001110000010
00111110000100101101111111000001
00111110001111011110011011011100
00111110010010101101011100000001
00111110001100001111111011101110
00111101101111011111110100000010
00111101111111100111001001011111
00111110011001100000001100011101
00111110100100111110011111011000
00111110101010100001000010110010
00111110101110001001111111011100
00111110110000010100000111100110
00111110110001010000001110100011
00111110110001001010001011010000
00111110110000001011001010110110
00111110101110011010111011010001
00111110101100000000010100000100
00111110101001000001101101110100
00111110100101100101010000000101
00111110100001110000111000011010
00111110011011010100111110000000
00111110010010101111101111010001
00111110001001111101100011011100
00111110000001001001101110001100
00111101110000111110101000011000
00111101100000010010001100101110
00111101000001000101110110111001
00111011100001001011000011000000
10111100101011010110101001010000
10111101001011110100110001010111
10111101011101110001110011000000
10111101100101100001110001001010
10111101101001100110100111000100
10111101101010111001111000101011
10111101101001001110100001110100
10111101100100010111010011001100
10111101011000001011010001101111
10111101000000001110101011000100
00000000000000000000000000000000
00111100101101011110110101110010
00111101000101101111110110011000
00111101001101111110100111010011
00111101010000001010001100011010
00111101001100111010001100100100
00111101000100110010100111110000
00111100110000101010111011000000
00111100000000001110010011011000
10111100001110001011001011001000
10111101000001111101101111101100
10111101011010101101100000011011
10111101101010101001001010000111
10111101111000100110001001010010
10111110000011011110110101001001
10111110001010101111101111001111
10111110010001111101100011011010
10111110011000111111110111000100
10111110011111101110000000010100
10111110100010111111100000101101
10111110100101110100110000101000
10111110101000010001110001001000
10111110101010010001001010010101
10111110101011101101000001010100
10111110101100011110101000100010
10111110101100011110000111001110
10111110101011100001101111011011
10111110101001011100110010110010
10111110100101111101001111010011
10111110100000100110101001011001
10111110010001001001001110110011
10111101101111011111110100000010
