10111111001110111110111110100110
10111111010101110101111100010000
10111111011100110000001100110000
10111111100001101001101001010011
10111111100100100101100101000000
10111111100111000011110101110100
10111111101000111110000101001010
10111111101010001111100111100100
10111111101010110101011101100001
10111111101010101110010011111111
10111111101001111010100010110110
10111111101000011100001000010111
10111111100110010110100001011100
10111111100011101110011111000000
10111111100000101001111000011110
10111111011010011110110111111000
10111111010011001100111000110110
10111111001011101100111110011101
10111111000100001110010000110101
10111110111001111110011111010110
10111110101100011010011011010101
10111110100000000111011110010100
10111110001010110000110100111011
10111101110001101011101101110000
10111101001010111000010010111000
10111010111010111010000000000000
00111100110000100011110000010000
00111101000100110010100100000100
00111101000101110001100001100100
00111100111100001011010100111000
00111100100010110111010111010000
00111011100101010101010111000000
00000000000000000000000000000000
00111100001001010110011111000000
00111100101110110110001011011000
00111101000001100101000111001000
00111101000100101101000011101100
00111100111011010010000111000000
00111100001000001011111101010000
10111100101111010010010011101000
10111101100100000110100111110100
10111110000001111010010011000110
10111110010101010011000010100010
10111110100101111010111001011110
10111110110010100000001010100100
10111111000000000001110100111100
10111111000111000110000000101111
10111111001110001110101000001000
10111111010101001100111000110110
10111111011011110001110100100000
10111111100000110111011011101001
10111111100011011011001110111001
10111111100101011110010100010110
10111111100110111011101110110011
10111111100111101111110001011010
10111111100111111000001011000010
10111111100111010100001110100110
10111111100110000100111000000100
10111111100100001100101110101010
10111111100001110000000100001101
10111111011101101001100110011011
10111111010111000100111100011001
10111111010000000100101101010101
10111111001001000000001010101000
00111111000010011100000001011000
00111110111001110111001101111100
00111110101111111010000100001111
00111110100110101111101011111000
00111110011100100001110011101000
00111110001100110100100110111001
00111101111100101001000100100000
00111101100010000000011001101110
00111100100110111001011011000000
10111100110000110100000101101000
10111101011111100010110010100011
10111101110000111110100000110000
10111101111111110100011110011010
10111110000110001001111100101110
10111110001011001111000000111110
10111110001111001010011011000100
10111110010001111101100011011010
10111110010011101010001110100100
10111110010100010010101110110111
10111110010011111001110111101000
10111110010010100011000000000000
10111110010000010010000110111101
10111110001101001011111000001011
10111110001001010101110010001010
10111110000100110110001110100111
10111101111111101001011011000001
10111101110100110100001011101000
10111101101001100001111101011101
10111101011100011001101001001110
10111101000110101100001100101011
10111100100110101110001110010000
10111011100101010101010110110000
00000000000000000000000000000000
10111100001101001100101111111000
10111100111010010001010000110100
10111101010010011101000001110011
10111101100100101110010101110101
10111101110000011010001001000110
10111101111011110000110111101110
10111110000011001011011100000111
10111110000111111010001011100110
10111110001011111010010010010110
10111110001111000010101100111010
10111110010001001011100101100101
10111110010010001110010001100110
10111110010010000101001111001110
10111110010000101100000101111000
10111110001101111111100101000100
10111110001001111101100011011100
10111110000100100100111101010111
10111101111011101011100011101110
10111101101011100001111100101001
10111101010001100001100110011001
10111011110111010110000101111000
00111101001000100011011111101001
00111101101110010101000101111101
00111110000101010010010101000000
00111110010100011100001111110110
00111110100010010010010111001111
00111110101010110100100011000100
00111110110011110100001100011001
00111110111101010010010110000100
00111111000011101001011101110110
00111111001001000000001010101100
